3  360 3 728 255  80 483 195 3 224 3  224 483 195  24 35 440 35 360 195 99 224 3 24 255  24 255 195 224 99 255  24 255 399  399 35 483 399 
15 255 224 80 35 15 99 195 35 224 440 255 399  288 255 399 399 483 99  255  399 99 224 63 483 168 3 360  24 35 399 440 99 224 255  24 35  399 35  528 35 360  3 440 255 360 195 35 224 440 3 24 3 
288 255 360  323 483 35 399 440 35 399  323 483 35  224 255  288 255 24 35  35 528 99 440 3 360  288 255 99 399  168 80 35  399 255  99 195 288 255 399 440 3 399  288 35 168 3  399 483 3 
224 3 440 483 360 35 728 3  195 3 399  399  323 483 3 99 399  440 3 195 8 195  224 255  288 255 24 35  24 3 360  360 35 399 288 255 399 440 3  288 255 360 
483 168 440 360 3 288 3 399 399 3 360 35 195  15 255 195 288 168 35 440 3 195 35 224 440 35  3 399  399 483 3 399  288 255 399 399 99 8 99 168 99 24 3 24 35 399 
224 255   288 255 360  15 483 168 288 3  399 483 3  323 483 35  15 3 99  224 35 399 399 3  288 35 360 288 168 35 624 99 24 3 24 35  288 3 360 440 35  24 35 
288 360 99 224 15 288 99 255 399  15 483 120 255  483 399 255   99 224 35 528 99 440 528 35 168  224 255  24 35 15 255 360 360 35 360  24 3  35 624 288 35 360 99 224 15 99 3  35  3 255 
195 35 399 195 255  440 35 195 288 255  399 483 48 99 15 99 35 224 440 35 195 35 224 440 35  63 3 360 3 224 440 99 24 255  288 255 360  35 399 440 3  3 120 483 24 3 24 3  288 255 360 
35 399 440 35 399  288 360 99 224 15 288 99 255 399  35 168 35 528 3 399 35  15 3 24 3  528 35 728  195 3 99 399  3 168 440 255  15 255 195 255  24 35  360 35 399 440 255  168 80 255 
15 255 224 399 35 224 440 35  3  224 3 440 483 360 35 728 3  288 3 360 3  15 255 224 24 99 35 399  195 3 99 399  360 35 195 255 440 3 399  288 255 360 195  99  168 255 63 255 
399 35  3 288 35 360 15 35 8 35  24 35  323 483 35  24 35 399 440 3  195 3 224 35 99 360 3  3  399 483 3  440 3 360 35 48 3  80 24 35  48 99 15 3 360  399 35 195 288 360 35 
99 224 3 15 3 8 3 24 3  288 255 360 323 483 35  3 399  323 483 35 399 440 35 399  224 483 224 15 3  399 35  35 399 63 255 440 3 195  528 399 35  255 8 360 99 63 3 24 3 
288 255 360  15 255 224 399 35 63 483 99 224 440 35  3  360 35 48 483 63 99 3 360 399 35  35 195  288 360 99 224 15 288 99 255 399  323 483 35  483 168 440 360 3 288 3 399 399 3 195 
440 255 24 255  255  483 399 255  288 255 399 399 528 35 168  24 3  35 624 288 35 360 99 224 15 99 3  35  224 255  255 8 399 440 3 224 440 35  35 399 440 255  3 255 
3 8 360 99 63 255  24 35  323 483 3 168 323 483 35 360  399 483 399 288 35 99 440 3  288 255 99 399  255  399 35 224 399 255  15 255 195 483 195  35 399 440  24 35  3 15 255 360 24 255 
15 255 195  35 168 35 399  3 399 399 99 195  3  360 3 728 255  80 483 195 3 224 3  15 3 99  35 195  255 8 399 15 483 360 99 24 3 24 35 399  35 
15 255 224 440 360 3 24 99 35 399  323 483 35  3  3 483 440 255 360 99 728 3 195  3  15 255 224 15 168 483 99 360  24 35 528 35 360  440 35 360 399 35  3 288 255 99 3 24 255  35 195 
35 360 360 255 399  255 15 483 168 440 255 399  3 168 63 483 360 35 399  399 35 195  15 255 224 440 483 24 255  255 399  288 255 24 35 360  24 35 399 15 255 8 360 99 360  224 3 
528 35 360 24 3 24 35  255 399  288 360 99 224 15 288 99 255 399  24 35  323 483 35  399 35  399 35 360 528 35  483 195 3  528 35 728  323 483 35  483 168 440 360 3 288 3 399 399 3 195 
255 399  168 99 195 99 440 35 399  24 35  440 255 24 3  3  35 624 288 35 360 99 224 15 99 3  120  224 255  360 35 15 255 224 80 35 15 35 195  224 35 399 440 3 
323 483 3 168 323 483 35 360  288 35 24 360 3  24 35  440 255 323 483 35  255  440 35 3 440 360 255  24 35 399 440 3 399  24 99 399 288 483 440 3 399  99 224 48 99 224 24 528 35 99 399 
15 80 3 195 3 399 35  195 35 440 3 48 399 99 15 3 
3  528 99 99 99 
80 255 483 528 35  483 195  440 35 195 288 255  35 195  323 483 35  35 399 440 3  15 99 224 15 99 3  3  195 35 440 3 48 399 99 15 3  35 360 3 
15 80 3 195 3 24 3  360 3 99 224 80 3  24 35  440 255 24 3 399  3 399  255 483 440 360 3 399  35  399 35  440 255 195 3 360 195 255 399  3  99 224 440 35 224 255  288 35 168 3 
360 35 3 168 99 24 3 24 35  195 35 360 35 15 99 3  3 195 288 168 3 195 35 224 440 35  35 399 399 35  440 440 483 168 255  80 255 224 255 360 48 99 15 255  63 360 3 3 399  
99 195 288 255 360 440 224 15 99 3  15 3 288 99 440 3 168  24 255  399 35 483  255 8 120 35 440 255  224 255  224 255 399 399 255  440 35 195 288 255  440 255 360 224 255 483 399 35  195 255 24 3  440 35 399 440 35 195 483 224 80 3 360 168 80 35  255  195 3 99 255 360  24 35 399 288 360 35 728 255  35  3  224 255 8 360 35  24 3 195 3 
360 35 288 483 24 99 3 24 3  35  24 35 399 3 195 288 3 360 3 24 3  168 3 195 35 224 440 3 399 35  15 255 195 255  80 15 483 8 3 

195 255 24 255  195 3 624 99 195 3  360 35 360 483 195  99  3  99 624 
440 255 440  63 35 224 35 360 99 399  224 3 440 99 399  323 483 35  288 255 440 35 224 399 
224 483 224 15  440 360 3 80 255 360  35 624 483 168  99 224 255 288 399 

99 224 99 15 99 3 168 195 35 224 440 35  399 255 8  3  80 35 63 35 195 255 224 99 3  24 255 399  24 255 63 195 440 99 15 255 399  255  399 35 483  288 255 24 35 360  35 360 3 
24 35 399 288 440 99 15 255  288 255 360 195  15 255 195 255  3  168 35 63 99 399 168 3 255  3 99 224 24 3  440 360 3 728 99 3  15 255 224 399 99 63 255  255  528 35 399 440 63 99 255 
24 3  3 224 440 99 63 3  8 3 360 8 360 99 35  288 255 483 15 255  3  288 255 483 15 255  24 35 528 99 24 255  3  63 483 35 360 360 3 399  99 224 440 35 399 440 99 224 3 399  15 3 99 483 
35 399 399 3  195 35 440 3 48 399 99 15 3  35 195  15 255 195 288 168 35 440 3  3 224 3 360 323 483 99 3  35  255 399  15 440 99 15 255 399  35 399 288 15 99 35  24 35 
224 195 3 24 35 399  323 483 35  440 35 195  360 35 288 483 63 224 224 15 99 3  35 195  399 35  35 399 440 3 8 35 168 35 15 35 360  24 35 48 99 224 99 440 99 528 3 195 35 224 440 35 
224 483 195 3  440 35 360 360 3  360 255 195 288 99 3 195  24 35  440 35 195 288 255 399  3  440 35 195 288 255 399  3  255 360 24 35 195  399 255 15 99 3 168  15 255 195 255 
48 35 168 99 728 195 35 224 440 35  35 360 3 195  288 255 483 15 255  224 483 195 35 360 255 399 255 399  224 255  288 483 24 35 360 3 195  99 195 288 35 24 99 360  323 483 35  255 399 
399 35 483 399  3 24 528 35 360 399 360 99 255 399  255 399  24 255 63 195 440 99 15 255 399  35 195 8 255 360 3  399 35 195  15 255 224 15 255 360 24 3 360 35 195  224 483 195 
288 168 3 224 255  288 360 528 99 255  440 35 224 440 3 399 399 35 195  360 35 288 35 440 99 24 3 195 35 224 440 35  360 35 399 440 3 483 360 3 360  3  255 360 24 35 195  24 35 399 440 360 483 24 3 
224 255 399  440 35 195 288 255 399  195 255 24 35 360 224 255 399  80 255 483 528 35  483 195  195 255 195 35 224 440 255  35 195  323 483 35  288 3 360 35 15 99 3  99 360 35 195 
440 35 360 195 99 224 3 360  440 255 24 3 399  35 399 399 3 399  24 99 399 288 483 440 3 399  63 360 3 3 399  3  483 195 3  15 35 360 440 3  48 99 399 99 255 168 255 63 99 3  24 255 
35 224 440 35 224 24 99 195 35 224 440 255  80 483 195 3 224 255  3  24 255  15 168 35 8 360 35  168 255 15 143 35  35  3  399 35 360  24 35 15 99 24 99 24 3 
99 224 440 35 99 360 3 195 35 224 440 35  3  168 35 63 99 440 99 195 99 24 3 24 35  24 35 399 399 3 399  288 360 35 440 35 224 399 35 399  35 195 8 255 360 3  35 399 399 3  399 483 288 255 399 440 3 
360 3 99 224 80 3  440 99 528 35 399 399 35  483 195  224 3 399 15 99 195 35 224 440 255  528 483 168 63 3 360  24 35 360 99 528 3 399 399 35  24 3  35 624 288 35 360 99 224 15 99 3 
15 255 195 483 195  35  288 255 360  99 399 399 255  15 255 195  120 483 399 440 99 3  3  399 483 3  255 360 99 63 35 195  440 255 360 224 3 399 399 35  399 483 399 288 35 99 440 3 399  3 399 
399 483 3 399  35 624 99 63 224 15 99 3 399  3 15 255 224 440 35 15 35 483  224 255  35 224 440 3 224 440 255  323 483 35  35 399 440 3  63 35 224 35 3 168 255 63 99 3  440 99 224 80 3 
399 99 24 255  99 195 3 63 99 224 3 24 3  48 3 168 399 3 195 35 224 440 35  35  3 399 399 99 195  3  195 35 440 3 48 399 99 15 3  15 255 224 440 99 224 483 255 483  3 
3 48 99 360 195 3 360  3 399  399 483 3 399  288 360 35 440 35 224 399 35 399  99  288 35 168 255  323 483 35  24 35  224 255 528 255  440 483 24 255  15 3 99 483  224 255 
24 255 63 195 3 440 99 399 195 255  3 360 15 3 99 15 255  35  15 3 360 15 255 195 99 24 255  35  48 99 224 3 168 195 35 224 440 35  224 255  24 35 399 288 360 35 399 440 63 99 255  3 
323 483 35  399 35  440 99 224 80 3  323 483 35 360 99 24 255  399 483 8 440 360 3 99 360  3  15 99 224 15 99 3  3 63 255 360 3  24 35 288 255 99 399  24 35  399 35 360 35 195 
440 35 224 440 3 24 255 399  440 255 24 255 399  255 399  15 3 195 99 224 80 255 399  3 255  323 483 35  399 35  528  35 195  528 255  360 35 99 224 3  255  35 224 48 3 24 255  35 
483 195  99 224 24 99 48 35 360 35 224 440 99 399 195 255  323 483 35  35 224 63 35 224 24 360 3 195  255  15 3 255 399  35  3  224 255 99 440 35  224 3 399  15 99 224 15 99 3 399 
195 3 399  440 3 195 8 195  3 255  195 35 399 195 255  440 35 195 288 255  399 255  255 360 99 63 35 195  255 483  288 35 168 255  195 35 224 255 399 
288 360 35 168 24 99 255  24 35  483 195 3  288 360 624 99 195 3  440 360 3 224 399 48 255 360 195 3 255  35  24 35  483 195 3  360 35 224 255 528 3 255  24 35 399 399 3 399 
15 99 224 15 99 3 399  323 483 35  483 195  728 35 168 255  195 3 168  35 224 440 35 224 24 99 24 255  440 255 360 224 3 360 3  255 8 399 15 483 360 3 399  15 255 224 48 483 399 3 399  35 
99 224 440 35 99 399 
 528 255  15 255 195  35 48 35 99 440 255  3 48 35 440 3 360  99 224 24 99 48 35 360 35 224 3  288 35 360 3 224 440 35  399 35 195 35 168 80 3 224 440 35 399 
99 224 528 35 399 440 99 63 3 35 399  15 483 120 255  255 8 120 35 440 255  224 255  288 255 24 35  399 35 360  99 224 24 99 48 35 360 35 224 440 35   224 3 440 483 360 35 728 3 
80 483 195 3 224 3  35 399 399 35 399  288 360 35 440 35 224 399 255 399  99 224 24 99 48 35 360 35 224 440 99 399 440 3 399  288 255 360  195 3 99 399  323 483 35  8 483 399 323 483 35 195 
440 255 360 224 3 360 399 35  99 360 360 35 15 255 224 80 35 15 528 35 99 399  399 483 8 399 440 99 440 483 99 224 24 255  3  440 35 360 195 99 224 255 168 255 63 99 3  24 3  35 399 15 255 168 3  288 255 360 
483 195 3  168 99 224 63 483 3 63 35 195  288 255 288 483 168 3 360  224 255  399 255  15 3 288 3 728 35 399  24 35  288 35 224 399 3 360  323 483 3 168 323 483 35 360  15 255 99 399 3 
399 35 195  360 35 15 3 99 360  99 224 35 528 99 440 3 528 35 168 195 35 224 440 35  35 195  3 48 99 360 195 3 35 399  195 35 440 3 48 399 99 15 3 399  288 255 360 195  35 399 440 3 
99 224 24 99 48 35 360 35 224 3  323 483 35  399 35  288 360 255 24 483 728  224 255  195 35 99 255  24 255  48 168 255 360 35 399 15 99 195 35 224 440 255  24 35  440 255 24 3 399  3 399 
15 99 224 15 99 3 399  35  3 440 3 15 3  288 360 35 15 99 399 3 195 35 224 440 35  3 323 483 35 168 3  3  15 483 120 255 399  15 255 224 80 35 15 99 195 35 224 440 255 399  399 35 
288 483 24 399 399 35 195 255 399  3 24 323 483 99 360 99 168 255 399  360 35 224 483 224 15 99 3 360 3 195 255 399  15 255 195  195 35 224 255 399  48 3 15 99 168 99 24 3 24 35  99  24 255 
323 483 35  3  323 483 3 168 323 483 35 360  255 483 440 360 255   483 195  48 35 224 195 35 224 255  24 99 63 224 255  24 35  3 440 35 224 255  35  24 35 
360 35 48 168 35 624 255  35 528 99 24 35 224 440 35 195 35 224 440 35  323 483 35  224 255   35 48 35 99 440 255  24 35  168 35 528 99 3 224 24 3 24 35  195 3 399  24 255 
120 483 728 255  3 195 3 24 483 360 35 15 99 24 255  24 3  288 255 15 3  323 483 35  120  224 255  399 35  24 35 99 624 3  399 35 24 483 728 99 360  288 255 360  483 195 
399 3 8 35 360  3 288 3 360 35 224 440 35   483 195  15 255 224 528 99 440 35   360 3 728 255  288 3 360 3  24 35  224 255 528 255  35 195 288 360 35 35 224 24 35 360  3 
195 3 99 399  24 99 48 15 99 168  24 3 399  399 483 3 399  440 3 360 35 48 3 399  3  24 255  15 255 224 80 35 15 99 195 35 224 440 255  24 35  399 99  195 35 399 195 3  35  24 3 
15 255 224 399 440 99 440 483 99 255  24 35  483 195  440 360 99 8 483 224 3 168  323 483 35  168 80 35  3 399 399 35 63 483 360 35  3 399  288 360 35 440 35 224 399 35 399  168 35 63 440 99 195 3 399 
35  35 195  15 255 224 440 360 3 288 3 360 440 99 24 3  288 255 399 399 3  15 255 224 24 35 224 3 360 168 80 35  440 255 24 3 399  3 399  288 360 35 399 483 224 35 399 
99 224 48 483 224 24 3 24 3 399  99  35  440 483 24 255  99 399 440 255  224 255  288 255 360  24 35 15 99 399 255  3 360 8 99 440 360 360 99 3  195 3 399  35 195  224 255 195 35 
24 3 399  399 483 3 399  168 35 99 399  35 440 35 360 224 3 399  35  99 195 483 440 528 35 99 399  35 399 399 35  440 360 99 8 483 224 3 168  255 483 440 360 3  15 255 99 399 3  224 255   323 483 35 
3  288 360 288 360 99 3  15 360 440 99 15 3 
3  624 99 
3  624 99 99 
24 3  360 3 728 255  288 483 360 3 
288 255 360  483 195 3  15 360 440 99 15 3  3 399 399 99 195  224 255  35 224 440 35 224 24 255  483 195 3  15 360 440 99 15 3  24 35  168 99 528 360 255 399  35  24 35 
399 99 399 440 35 195 3 399  195 3 399  24 3  48 3 15 483 168 24 3 24 35  24 3  360 3 728 255  35 195  63 35 360 3 168  15 255 195 
360 35 399 288 35 99 440 255  3  440 255 24 255 399  255 399  15 255 224 80 35 15 99 195 35 224 440 255 399  3  323 483 35  288 255 24 35  3 399 288 99 360 3 360 
99 224 24 35 288 35 224 24 35 224 440 35 195 35 224 440 35  24 35  440 255 24 3  3  35 624 288 35 360 99 224 15 99 3  288 255 360 440 3 224 440 255  3  399 255 168 483 255  24 255 
288 360 255 8 168 35 195 3  24 3  288 255 399 399 99 8 99 168 99 24 3 24 35  255 483  99 195 288 255 399 399 99 8 99 168 99 24 3 24 35  24 35  483 195 3  195 35 440 3 48 399 99 15 3 
35 195  63 35 360 3 168  35  3  24 35 440 35 360 195 99 224 3 255  440 3 224 440 255  24 3 399  399 483 3 399  48 255 224 440 35 399  15 255 195 255  24 3  399 483 3 
35 624 440 35 224 399 255  35  168 99 195 99 440 35 399  440 483 24 255  99 399 440 255  15 255 224 440 483 24 255  3  288 3 360 440 99 360  24 35  288 360 99 224 15 288 99 255 399 
3 399 399 99 195  35 224 528 35 360 35 24 35 99  288 255 360  35 399 440 35  15 3 195 99 224 80 255  255  224 99 15 255  323 483 35  195 35  360 35 399 440 3 528 3 
399 35 63 483 99 360  35  399 99 224 440 255 195 35  168 99 399 255 224 120 35 3 24 255  288 255 360  440 35 360  15 255 224 399 35 63 483 99 24 255  35 168 99 195 99 224 3 360  440 255 24 255 399  255 399 
35 360 360 255 399  323 483 35  3 440  3 63 255 360 3  440 99 224 80 3 195  24 99 528 99 24 99 24 255  3  360 3 728 255  15 255 224 399 99 63 255  195 35 399 195 3  224 255  399 35 483 
483 399 255  48 255 360 3  24 3  35 624 288 35 360 99 224 15 99 3  224 255  35 528 99 440 35 99  3 399  399 483 3 399  323 483 35 399 440 35 399  24 35 399 15 483 168 288 3 224 24 255 195 35  15 255 195  3  99 195 288 255 440 224 15 99 3  24 3  360 3 728 255  80 483 195 3 224 3  288 35 168 255  15 255 224 440 360 360 99 255 
35 399 288 35 15 99 48 99 323 483 35 99 3 399  15 255 195 288 168 35 440 3 195 35 224 440 35  399 35 63 483 224 24 255  288 360 99 224 15 288 99 255 399  35  24 35 288 255 99 399  24 35  440 35 360 
24 35 399 15 255 8 35 360 440 255  255  288 255 224 440 255  288 360 35 15 99 399 255  24 255  195 3 168 35 224 440 35 224 24 99 24 255  24 3  360 3 728 255  15 255 224 399 99 63 255 
195 35 399 195 3  360 35 399 255 168 528 99 3 399  15 255 195  3  399 483 3  99 224 440 35 99 360 3  399 3 440 99 399 48 3 255  99  224 255  24 35 99   15 35 360 440 255 
323 483 35 168 3 399  323 483 35 399 440 35 399  3 399  360 35 399 288 255 399 440 3 399  323 483 35  255  35 624 3 168 440 3 24 255  24 35 399 35 120 255  24 255 63 195 440 99 15 255  24 35 
399 3 8 35 360  24 35 399 35 120 3 360 99 3  35 399 288 35 360 3 360  288 255 99 399   99 195 288 255 399 399 528 35 168  399 3 440 99 399 48 3 728 168 255  24 35  255 483 440 360 3 
48 255 360 195 3  323 483 35  224 255  399 35 120 3  288 255 360  3 360 440 35 399  195 63 99 15 3 399  24 3 399  323 483 3 99 399  224 3 24 3  35 224 440 35 224 24 255  440 255 288 255 483 15 255  360 35 399 99 24 99 3  3  255  255 8 120 35 440 255  24 255  24 35 399 440 99 224 255  224 3 440 483 360 3 168  24 3  224 255 399 399 3  360 3 728 255  255  24 35 528 35 360 
24 3  48 99 168 255 399 255 48 99 3  35 360 3  24 99 399 399 99 288 3 360  3  99 168 483 399 255  288 360 255 528 35 224 99 35 224 440 35  24 35  483 195  195 3 168 35 224 440 35 224 24 99 24 255 
195 35 399 195 255  15 255 195  360 99 399 15 255  24 35  24 35 399 440 360 483 99 360  483 195 3  323 483 99 195 35 360 3  440 255  3 195 3 24 3  35  35 224 3 168 440 35 15 99 24 3 
3  624 99 99 99 
224 35 399 440 35  440 360 3 8 3 168 80 255  3  195 99 224 80 3  63 360 3 224 24 35  288 360 35 255 15 483 288 3 255  48 255 99  24 35 399 15 35 360  3 255 
288 255 360 195 35 224 255 360  35  3 440 360 35 528 255 195 35  3  3 48 99 360 195 3 360  224 255  80 3 528 35 360  483 195  399  288 360 255 8 168 35 195 3 
195 35 440 3 48 399 99 15 255  323 483 35  224 255  399 35  360 35 399 255 168 528 3  3 323 483 99  255 483  288 35 168 255  195 35 224 255 399  224 255  35 224 15 255 224 440 360 35 
224 35 399 440 35  168 483 63 3 360  3  15 80 3 528 35  24 3  399 255 168 483 255  15 255 195  35 48 35 99 440 255  3  360 3 728 255  288 483 360 3   483 195 3 
483 224 99 24 3 24 35  440 255  288 35 360 48 35 99 440 3  323 483 35  399 35  255  399 35 483  288 360 99 224 15 288 99 255  224 255  48 255 399 399 35  399 483 48 99 15 99 35 224 440 35 
288 3 360 3  360 35 399 255 168 528 35 360  483 195 3  224 99 15 3  323 483 35 399 440 255  24 35  440 255 24 3 399  3 323 483 35 168 3 399  323 483 35  168 80 35  399 255 
288 360 255 288 255 399 440 3 399  288 35 168 3  399 483 3  224 3 440 483 360 35 728 3  80 3 528 35 360 99 3  323 483 35  360 35 120 35 99 440 168 255  288 255 99 399  224 255  399 35 
288 255 24 35 360 99 3  3 288 168 99 15 3 360  3  323 483 3 168 323 483 35 360  255 483 440 360 3  15 255 195  288 35 360 48 35 99 440 3  399 35 63 483 360 3 224 3 
3 255  48 3 168 3 360  3 399 399 99 195  120 483 168 63 255  288 35 360 15 35 8 35 360  224 3  48 99 399 99 255 224 255 195 99 3  24 255  168 35 99 440 255 360  483 195 
195 99 399 440 255  24 35  99 224 24 99 63 224 3 255  35  24 35 399 288 360 35 728 255  99  288 255 360  288 360 35 440 35 224 399 35 399  3 288 3 360 35 224 440 35 195 35 224 440 35  440 255 
528 3 99 24 255 399 3 399  35  99 195 255 24 35 399 440 3 399  35  15 255 224 440 483 24 255  399 255  99 224 15 255 195 288 3 360 3 528 35 168 195 35 224 440 35  195 3 99 399 
195 255 24 35 360 3 24 3 399  24 255  323 483 35  3 399  24 35  323 483 3 168 323 483 35 360  3 483 440 255 360  24 255  288 360 255 63 360 3 195 3  195 3 99 399  528 483 168 63 3 360 
323 483 35  288 360 35 440 35 224 24 35  288 255 360  35 624 35 195 288 168 255  24 35 195 255 224 399 440 360 3 360  3  224 3 440 483 360 35 728 3  399 99 195 288 168 35 399  24 3  3 168 195 3 
255 483  3  224 35 15 35 399 399 99 24 3 24 35  24 35  483 195  288 360 99 195 35 99 360 255  15 255 195 35 255  24 255  195 483 224 24 255  360 35 3 168 195 35 224 440 35  440 3 168 
3 483 440 255 360  3 399 399 483 195 35  255  15 255 195 288 360 255 195 99 399 399 255  24 35  35 399 440 35 224 24 35 360  255  15 255 224 80 35 15 99 195 35 224 440 255  80 483 195 3 224 255 
288 3 360 3  3 168 195  24 35  440 255 24 255 399  255 399  168 99 195 99 440 35 399  24 3  35 624 288 35 360 99 224 15 99 3  288 255 399 399 528 35 168  15 255 99 399 3  323 483 35 
24 35 528 255  15 255 224 48 35 399 399 168 255  15 255 195  80 483 195 99 168 24 3 24 35  483 168 440 360 3 288 3 399 399 3  99 224 440 35 99 360 3 195 35 224 440 35  255  195 35 483  288 255 24 35 360  35 195  528 35 728  24 99 399 399 255  255 15 483 288 255 195 35 
483 224 99 15 3 195 35 224 440 35  24 3  360 3 728 255  35  24 255  399 35 483  288 35 224 399 3 360  288 483 360 255  35  224 255  440 35 224 80 255  224 35 15 35 399 399 99 24 3 24 35 
24 35  288 360 255 15 483 360 3 360  168 255 224 63 35  24 35  195 99 195  255  399 35 483  15 255 224 80 35 15 99 195 35 224 440 255  288 255 360 195 35 224 255 360 99 728 3 24 255  288 255 99 399 
255  35 224 15 255 224 440 360 255  35 195  195 99 195  195 35 399 195 255  35  120  3  168 63 99 15 3  528 483 168 63 3 360  195 35  24  483 195  35 624 35 195 288 168 255 
24 35  323 483 35  399 35  288 255 24 35 195  35 224 483 224 15 99 3 360  24 35  195 3 224 35 99 360 3  15 255 195 288 168 35 440 3  35  399 99 399 440 35 195 440 99 15 3  440 255 24 255 399 
255 399  3 440 255 399  399 99 195 288 168 35 399  24 3  360 3 728 255  255  288 360 255 8 168 35 195 3  323 483 35  3 323 483 99  168 35 528 3 224 440 255  
399 99 195 288 168 35 399 195 35 224 440 35  255  24 35  399 3 8 35 360  3 440  255 224 24 35  288 255 399 399 255  35 399 288 35 360 3 360  3 168 15 3 224 3 360  15 255 195  3 
360 3 728 255  399 35  195 35  48 255 360  360 35 440 99 360 3 24 3  440 255 24 3  3  195 3 440 360 99 3  35  440 255 24 255  255  15 255 224 15 483 360 399 255  24 3 
35 624 288 35 360 99 224 15 99 3 
120 483 168 63 255  440 35 360  24 99 440 255  255  8 3 399 440 3 224 440 35  3 15 35 360 15 3  24 3  288 35 360 48 35 99 255  3  3 440 99 224 63 99 360  35 195  15 3 24 3 
483 195  24 255 399  48 99 224 399  35  3  35 624 440 35 224 399 255  3  24 3 360   99 224 528 35 399 440 99 63 3 255  24 35  15 255 224 120 483 224 440 255  24 35  440 255 24 255 399 
35 168 35 399  323 483 35  224 255  15 255 224 399 440 99 440 483 35 195  483 195  288 360 255 288 399 99 440 255  3 360 8 99 440 360 360 99 255  195 3 399  323 483 35  3 
224 3 440 483 360 35 728 3  195 35 399 195 3  24 255  15 255 224 80 35 15 99 195 35 224 440 255  224 255 399  288 360 255 288 35  15 255 195 255  195 3 440 360 99 3  24 3 
224 255 399 399 3  99 224 528 35 399 440 99 63 3 255  15 360 440 99 15 3 

288 3 360 3 8 35 224 399  528 255 15 35  35 224 440 35 224 24 35 483  195 35 440 3 48 99 399 99 15 3 
195 3 224 24 35  483 195  35 195 3 99 168  288 3 360 3  224 255 399  15 255 195  255  3 399 399 483 224 440 255  99 63 483 3 168  3  35 728 195 35 440 3 288 80 675 399 99 15 399  35  35 195  3 224 35 624 255  255  15 255 24 99 63 255  24 35  360 35 399 255 168 483 15 3 255  24 255  24 35 399 3 48 99 255 

99  80  3 99 224 24 3  3  440 35 360  35 195  15 255 224 440 3  3  15 35 360 440 35 728 3  35  3  15 168 3 360 35 728 3  24 255 99 399  360 35 323 483 99 399 99 440 255 399 
323 483 35  399 35  360 35 288 255 360 440 3 195   48 255 360 195 3  35  399 35  24 35 528 35 195  15 255 224 399 99 24 35 360 3 360  323 483 3 168 99 24 3 24 35 399  35 399 399 35 224 15 99 3 99 399  3  35 624 99 63 99 360  24 35  483 195  3 483 440 255 360  323 483 35  399 35  168 3 224 3  35 195  35 195 288 360 35 399 3  440 255  24 35 168 99 15 3 24 3 
3  624 528 
224 255  360 35 399 288 35 99 440 3 224 440 35   15 35 360 440 35 728 3  3  168 35 99  323 483 35  99 195 288 483 399  3  195 99 195  288 360 288 360 99 255 
255 8 360 99 63 3 195 35  3  323 483 35  224 35 399 440 3  255 360 24 35 195  24 35  15 255 224 399 99 24 35 360 3 35 399  24 35  195 255 24 255  3 168 63 483 195 
399 35 120 3  288 35 360 195 99 440 99 24 255  35 195 99 440 99 360  255 288 99 224 99 35 399  35  323 483 35  440 483 24 255  255  323 483 35  399 35  288 3 360 35 3  15 255 195  483 195 3 
80 99 288 440 35 399 35  399 35 120 3  195 35 360 15 3 24 255 360 99 3  288 360 255 99 8 99 24 3  323 483 35  224 255  399 35  24 35 528 35  528 35 224 24 35 360  224 35 195 
288 35 168 255  195 3 99 399  8 3 99 624 255  288 360 35 255  195 3 399  323 483 35  483 360 63 35  15 255 224 48 99 399 15 3 360  168 255 63 255  323 483 35  399 35 120 3 
24 35 399 15 255 8 35 360 440 3  15 255 195  35 48 35 99 440 255  440 255 24 255  255  15 255 224 80 35 15 99 195 35 224 440 255  323 483 35  288 255 399 399 483 99  483 195 
48 483 224 24 3 195 35 224 440 255  3  288 360 99 255 360 99  3 224 483 224 15 99 3 399 35  288 35 168 3  35 624 99 63 224 15 99 3  24 35  399 35 360  3 8 399 255 168 483 440 3 195 35 224 440 35 
224 35 15 35 399 399 360 99 255  15 255 195  195 3 99 399  48 255 360 440 35  360 3 728 255  24 35 528 35  3 399 399 99 195  3 15 255 224 440 35 15 35 360  3  360 35 399 288 35 99 440 255  24 35 
483 195 3  24 35 440 35 360 195 99 224 3 255  24 35  440 255 24 255 399  255 399  15 255 224 80 35 15 99 195 35 224 440 255 399  288 483 360 255 399  3  288 360 99 255 360 99  323 483 35 
24 35 528 35  399 35 360 528 99 360  24 35  195 35 24 99 24 3  35  288 255 360 440 3 224 440 255  24 35  35 624 35 195 288 168 255  3  440 255 24 3  3  15 35 360 440 35 728 3 
3 288 255 24 440 99 15 3  48 99 168 255 399 48 99 15 3  399  3 255  168 35 99 440 255 360  15 255 195 288 35 440 99 360  120 483 168 63 3 360  399 35  195 35  195 3 224 440 99 528 35 
48 99 35 168  224 35 399 440 35  288 255 224 440 255  3 255  195 35 483  15 255 195 288 360 255 195 99 399 399 255  288 255 99 399  3 255  3 483 440 255 360  3 288 35 224 3 399 
15 255 224 528 195  3 288 360 35 399 35 224 440 3 360  360 3 728 35 399  35  224 255  24 35 15 99 24 99 360  24 255 399  35 48 35 99 440 255 399  24 35 168 3 399  399 255 8 360 35  255 399 
120 483 728 35 399  15 255 224 440 483 24 255  288 3 360 3  323 483 35  224 3 24 3  288 255 399 399 3  99 224 255 15 35 224 440 35 195 35 224 440 35  399 35 360  15 3 483 399 3  24 35 
323 483 35  399 35  35 224 48 360 3 323 483 35 3 195  35 399 440 3 399  360 3 728 35 399  99  399 35 120 3  288 35 360 195 99 440 99 24 255  3 255  3 483 440 255 360  323 483 35  35 168 35 
288 360 288 360 99 255  3 399 399 99 224 3 168 35  3 399  288 3 399 399 3 63 35 224 399  323 483 35  288 255 24 35 360 99 3 195  255 15 3 399 99 255 224 3 360  3 168 63 483 195 3 
24 35 399 15 255 224 48 99 3 224 3  35 195 8 255 360 3  3 288 35 224 3 399  440 35 224 80 3 195  99 195 288 255 360 440 224 15 99 3  399 35 15 483 224 24 360 99 3  3  48 99 195 
24 35  288 360 35 528 35 224 99 360  3  99 224 48 168 483 224 15 99 3  323 483 35  255  195 3 99 399  168 35 528 35  35 399 15 360 288 483 168 255  24 255  168 35 99 440 255 360  288 255 24 35 360  35 624 35 360 15 35 360  195 3 99 399 
440 3 360 24 35  224 255  399 35 483  120 483 728 255  360 35 168 3 440 99 528 3 195 35 224 440 35  3 255  48 99 195  288 360 99 224 15 99 288 3 168 
224 255  15 255 224 80 35 255  99 224 528 35 399 440 99 63 3 35 399  195 3 99 399  99 195 288 255 360 440 3 224 440 35 399  288 3 360 3  35 399 440 3 8 35 168 35 15 35 360 
255 399  48 483 224 24 3 195 35 224 440 255 399  24 3  48 3 15 483 168 24 3 24 35  323 483 35  24 35 399 99 63 224 3 195 255 399  288 255 360  35 224 440 35 224 24 99 195 35 224 440 255  35 
3 255  195 35 399 195 255  440 35 195 288 255  288 3 360 3  3  24 35 440 35 360 195 99 224 3 255  24 3 399  360 35 63 360 3 399  35  168 99 195 99 440 35 399  24 255  399 35 483 
483 399 255  24 255  323 483 35  3 323 483 35 168 3 399  323 483 35  3 288 360 35 399 35 224 440 35 99  224 255  399 35 63 483 224 24 255  15 3 288 440 483 168 255  24 3  3 224 3 168 440 99 15 3 
440 360 3 224 399 15 35 224 24 35 224 440 3 168  99 224 440 99 440 483 168 3 24 255  24 35 24 483 255  24 255 399  15 255 224 15 35 99 440 255 399  288 483 360 255 399  24 255 
35 224 440 35 224 24 99 195 35 224 440 255  440 3 195 8 195  48 255 360 3 195  3 399  323 483 35  195 35  15 483 399 440 3 360 3 195  195 3 99 399  35 399 48 255 360 255  195 3 399 
35 399 288 35 360 255  323 483 35  224 255  440 35 224 80 3  399 99 24 255  255  440 360 3 8 3 168 80 255  288 35 360 24 99 24 255  35 399 399 35  35 399 440 483 24 255 
35 168 3 8 255 360 3 24 255  15 255 195  3 168 63 483 195 3  288 360 255 48 483 224 24 99 24 3 24 35  15 255 224 399 440 3  24 35  24 483 3 399  288 3 360 440 35 399  483 195 3 
360 35 288 255 360 440 3 399 35  3 255 399  255 8 120 35 440 255 399  24 255  35 224 440 35 224 24 99 195 35 224 440 255  288 483 360 255  35  24 35 528 35  35 624 288 255 360  35  440 255 360 224 3 360 
15 255 195 288 360 35 35 224 399 528 35 168  255  528 3 168 255 360  255 8 120 35 440 99 528 255  24 35 399 399 35 399  15 255 224 15 35 99 440 255 399  3  288 360 99 255 360 99  35  288 255 360  99 399 399 255 
195 35 399 195 255  35 224 440 360 3  35 399 399 35 224 15 99 3 168 195 35 224 440 35  224 255  195 35 483  24 35 399 63 224 99 255  3  255 483 440 360 3  24 99 728  360 35 399 288 35 99 440 255 
3 255  35 224 440 35 224 24 99 195 35 224 440 255  288 483 360 255  35 195  399 99  195 35 399 195 255  24 255  288 255 224 440 255  24 35  528 99 399 440 3  24 3  399 483 3 
288 255 399 399 99 8 99 168 99 24 3 24 35  35  24 3 399  48 3 15 483 168 24 3 24 35 399  15 255 63 224 99 440 99 528 3 399  35 195  323 483 35  3 399 399 35 224 440 3  99  35 399 440 483 24 3 255 
288 255 360 440 3 224 440 255  224 255  3 399 288 35 15 440 255  399 483 8 120 35 440 99 528 255  35 399 440 3  24 99 399 15 483 399 399 255  35 195 8 255 360 3  24 35  63 360 3 224 24 35 
99 195 288 255 360 440 224 15 99 3  288 3 360 3  255  195 35 483  48 99 195  288 360 99 224 15 99 288 3 168  224 255  168 80 35  288 35 360 440 35 224 15 35 
35 399 399 35 224 15 99 3 168 195 35 224 440 35  288 255 99 399  3  323 483 35 399 440 255  48 483 224 24 3 195 35 224 440 3 168  360 35 399 99 24 35  399 35 195 288 360 35  35 195  399 3 8 35 360 
255  323 483 35  288 255 24 35 195  35  3 440  255 224 24 35  288 255 24 35 195  255  35 224 440 35 224 24 99 195 35 224 440 255  35  3  360 3 728 255  15 255 224 80 35 15 35 360 
99 224 24 35 288 35 224 24 35 224 440 35 195 35 224 440 35  24 3  35 624 288 35 360 99 224 15 99 3  35  224 255  15 255 195 255   288 255 399 399 528 35 168  3  288 360 288 360 99 3 
48 3 15 483 168 24 3 24 35  24 35  288 35 224 399 3 360  483 195 3  528 35 728  323 483 35  35 399 440 3  168 440 99 195 3  323 483 35 399 440 255   24 35  15 35 360 440 3 
195 3 224 35 99 360 3  3  99 224 528 35 399 440 99 63 3 255  24 3  15 3 483 399 3  24 35  483 195  35 48 35 99 440 255  24 3 24 255  35  224 35 399 399 3  195 35 24 99 24 3 
440 3 195 8 195  3 168 63 255  399 35 195 35 168 80 3 224 440 35  3  483 195 3  80 99 288 440 35 399 35  35 195 8 255 360 3  24 35  48 3 440 255  224 255  399 35 120 3 
3 399 399 99 195  15 255 195 255  224 255 483 440 360 3  255 15 3 399 99 255  195 255 399 440 360 3 360 35 99  288 3 360 35 15 35  399 35 360  35 399 440 35  255  15 3 399 255  24 35  195 35 
288 35 360 195 99 440 99 360  48 255 360 195 483 168 3 360  255 288 99 224 99 35 399  35  24 35 99 624 3 360  3 255  168 35 99 440 255 360  99 63 483 3 168 195 35 224 440 35  3  168 99 8 35 360 24 3 24 35 
24 35  35 195 99 440 99 360  255 483 440 360 3 399  24 99 48 35 360 35 224 440 35 399  288 255 360  99 399 399 255  24 35 528 255  288 35 24 99 360  3 255  168 35 99 440 255 360  288 3 360 3  399 35 
168 35 195 8 360 3 360  24 35  323 483 35  399 35  3  195 99 224 80 3  24 35 24 483 255  399 483 8 120 35 440 99 528 3  224 255  168 80 35  440 99 528 35 360  15 360 99 3 24 255  3 
99 224 440 35 99 360 3  15 255 224 528 99 15 255  323 483 35  35 399 288 35 360 255  3  24 35 24 483 255  255 8 120 35 440 99 528 3  323 483 35   3  323 483 35  3 323 483 99 
195 35  99 195 288 255 360 440 3  288 360 99 224 15 99 288 3 168 195 35 224 440 35  15 255 224 399 35 360 528 3  440 255 24 3  3  399 483 3  48 255 360 3  8 3 399 440 3 224 24 255  24 35 
360 35 399 440 255  288 3 360 3  99 399 399 255  255  323 483 35   24 99 440 255  24 35  288 63 99 224 3 399   3  288 63 99 224 3 399   
3  624 528 99 99 
48 99 224 3 168 195 35 224 440 35  224 255  323 483 35  360 35 399 288 35 99 440 3   15 168 3 360 35 728 3  255  168 35 99 440 255 360  440 35 195  255  24 99 360 35 99 440 255  24 35 
35 624 99 63 99 360  35 195  288 360 99 195 35 99 360 255  168 483 63 3 360  3  15 168 3 360 35 728 3  24 99 399 15 483 360 399 99 528 3  168 63 99 15 3  288 255 360 
15 255 224 15 35 99 440 255 399  399 35 63 483 99 24 3 195 35 224 440 35  440 3 195 8 195  3  15 168 3 360 35 728 3  99  99 224 440 483 99 440 99 528 3  35 399 440 440 99 15 3  288 255 360 
99 224 440 483 99 35 399  99 399 440 255   288 255 360  35 624 35 195 288 168 255 399  35  255 483 440 360 255 399  35 399 15 168 3 360 35 15 99 195 35 224 440 255 399  35 195 
15 255 224 15 360 35 440 255  15 483 99 24 35 99  399 483 48 99 15 99 35 224 440 35 195 35 224 440 35  24 3  288 360 99 195 35 99 360 3  288 255 99 399  24 99 728 99 3  360 35 399 288 35 99 440 255  
35 399 399 224 15 99 3  24 255  195 35 483  288 360 255 120 35 440 255  195 3 399  48 255 99  440 3 195 8 195  3  15 3 483 399 3  3 15 99 24 35 224 440 3 168  323 483 35  195 35 
99 195 288 35 24 99 483  24 35  195 35  255 15 483 288 3 360  399 483 48 99 15 99 35 224 440 35 195 35 224 440 35  24 3  255 483 440 360 3  35 624 99 63 224 15 99 3  323 483 35  
120 483 399 440 3  35 195 8 255 360 3  255  224 255  399 35 120 3  24 35  483 195 3  195 3 224 35 99 360 3  440 255  35 399 440 360 99 440 3  15 255 195 255  3 
288 360 99 195 35 99 360 3  224 255  24 35 15 483 360 399 255  24 255  195 35 483  440 360 3 8 3 168 80 255  35 224 15 255 224 440 360 35 99 195 35  323 483 3 399 35  399 35 195 288 360 35 
99 224 24 35 15 99 399 255  399 255 8 360 35  255  195 255 24 255  15 255 195 255  3  35 399 440 35  360 35 399 288 35 99 440 255  24 35 528 99 3  288 360 255 15 35 24 35 360  255 399 
35 624 35 195 288 168 255 399  35  3 399  35 624 288 168 99 15 3 35 399  288 3 360 35 15 99 3 195 195 35  399 35 195 288 360 35  224 35 15 35 399 399 360 99 255 399  35  224 255 
288 360 99 195 35 99 360 255  35 399 8 255 255  3 288 360 35 399 35 224 440 3 360 3 195 399 35  24 35  48 3 440 255  224 255 399  168 483 63 3 360 35 399  3 24 35 323 483 3 24 255 399 
15 255 224 440 483 24 255  8 35 195  24 35 288 360 35 399 399 3  528 99  3  63 360 3 224 24 35 728 3  24 3  195 99 224 80 3  440 3 360 35 48 3  35  3  195 483 168 440 99 24 255 
24 35  255 8 120 35 440 255 399  24 35  323 483 35  440 99 224 80 3  24 35  195 35  255 15 483 288 3 360  35  24 3 224 24 255  15 255 224 440 3  24 35  323 483 35 
35 624 288 255 399 440 255 399  24 35  483 195 3  48 255 360 195 3  399 35 15 3  35  288 483 360 3 195 35 224 440 35  35 399 15 255 168 399 440 99 15 3  35 399 399 35 399  255 8 120 35 440 255 399 
24 3 360 99 3 195  35 624 440 35 224 399 255  399 483 48 99 15 99 35 224 440 35   195 99 224 80 3  255 8 360 3  224 255  195 35  288 3 360 35 15 35 483 
15 255 224 528 35 224 99 35 224 440 35  440 255 360 224 168 3  3 99 224 24 3  195 3 99 255 360  15 255 195  35 624 35 195 288 168 255 399  35  35 624 288 168 99 15 3 35 399 
3 288 35 224 3 399  224 35 15 35 399 399 360 99 255 399  24 35  483 195  288 255 224 440 255  24 35  528 99 399 440 3  288 255 288 483 168 3 360  440 3 224 440 255  195 3 99 399  323 483 35 
35 399 440 3  255 8 360 3  224 255  288 255 24 99 3  3 15 255 195 255 24 3 360 399 35  3 255  63 360 3 224 24 35  288 8 168 99 15 255  35  3 323 483 35 168 35 399  323 483 35 
399 255  15 483 168 440 255 360 35 399  24 3  15 99 224 15 99 3  224 255  224 35 15 35 399 399 99 440 3 195  440 3 224 440 255  323 483 35  399 35  168 80 35 399  48 3 15 99 168 99 440 35  3 
168 35 99 440 483 360 3  15 255 99 399 3  399 35 195 288 360 35  3 63 360 3 24 528 35 168  195 3 399  323 483 35  224 35 399 440 35  15 3 399 255  288 255 24 35 360 99 3 
24 35 399 528 99 3 360 224 255 399  483 195  288 255 483 15 255  24 255  224 255 399 399 255  48 99 195  35 195  528 99 399 440 3  24 99 728  15 255 195  528 35 360 24 3 24 35  255 
288 3 24 360 35  440 3 360 360 3 399 399 255 224  323 483 35  399 35  3 528 3 168 99 3 360 195 255 399  99  255  440 3 195 3 224 80 255  24 35  483 195  168 99 528 360 255  224 255 
288 35 168 255  224 195 35 360 255  24 35  288 63 99 224 3 399  195 3 399  288 35 168 255  440 35 195 288 255  224 35 15 35 399 399 360 99 255  3  15 255 195 288 360 35 35 224 24 168 255  288 255 24 35 360 399 35  3 48 99 360 195 3 360  24 35  195 483 99 440 255 399  168 99 528 360 255 399  323 483 35  399 35 360 99 3 195  195 483 99 440 255  195 3 99 399 
288 35 323 483 35 224 255 399  399 35  224 255  48 255 399 399 35 195  440 255  288 35 323 483 35 224 255 399  195 3 399  399 35  288 255 360  255 483 440 360 255  168 3 24 255  48 255 360 
288 360 255 288 255 399 440 255  15 255 195 255  255 8 120 35 440 99 528 255  3  99 224 440 35 168 99 63 224 15 99 3  24 35  483 195  528 3 399 440 255  15 255 224 120 483 224 440 255  24 35 
15 255 224 80 35 15 99 195 35 224 440 255 399  35 399 288 35 15 483 168 3 440 99 528 255 399  35 195 8 255 360 3  168 99 63 3 24 255 399  3  483 195  288 360 99 224 15 288 99 255  224 99 15 255 
288 255 24 35 360 399 35 99 3  24 99 728 35 360  15 255 195  99 63 483 3 168  360 3 728 255  323 483 35  195 483 99 440 255 399  168 99 528 360 255 399  440 35 360 99 3 195  399 99 24 255 
195 483 99 440 255  195 3 99 399  15 168 3 360 255 399  399 35  224 255  323 483 99 399 35 399 399 35 195  399 35 360  440 255  15 168 3 360 255 399  24 35  48 3 440 255  255 399 
35 624 288 35 24 99 35 224 440 35 399  288 3 360 3  3 120 483 24 3 360  3  399 35 360  15 168 3 360 255  399 255  440 35 99 399  224 255 399  288 255 360 195 35 224 255 360 35 399 
35 195 8 255 360 3  195 483 99 440 3 399  528 35 728 35 399  24 99 399 440 360 3 99 3 195  24 35  528 35 360  255  15 255 224 120 483 224 440 255  99 195 288 35 24 99 224 24 255  255 
168 35 99 440 255 360  24 35  3 168 15 3 224 3 360  15 255 195  399 483 48 99 15 99 35 224 440 35  360 3 288 99 24 35 728  483 195 3  528 99 399 255  24 35 399 399 35 
15 255 224 120 483 224 440 255  15 255 195  255  399 35 483  8 360 99 168 80 3 224 440 35  15 255 168 255 360 99 24 255  35 224 15 255 8 360 35 195  288 255 360  3 399 399 99 195  24 99 728 35 360  35 
440 255 360 224 3 195  99 224 528 99 399 528 35 168  3  3 360 440 99 15 483 168 3 255  255 483  3  35 399 440 360 483 440 483 360 3  24 255  399 99 399 440 35 195 3  323 483 35   255 
195 3 99 399  99 195 288 255 360 440 3 224 440 35  288 3 360 3  399 35  288 255 24 35 360  120 483 168 63 3 360  24 3  399 483 3  483 224 99 24 3 24 35  35  24 255  399 35 483  528 3 168 255 360 
3  624 528 99 99 99 
3  624 99 624 
288 3 360 35 15 35 195 35  323 483 35  288 255 24 35  399 35 360  288 3 360 3  255  168 35 99 440 255 360  15 255 99 399 3  24 35  224 255  288 35 323 483 35 224 255 
3 440 360 3 440 99 528 255  120 483 224 440 3 360  255  399 35 483  35 399 48 255 360 255  3 255  24 255  3 483 440 255 360  399 35  440 99 528 35 360  3  
99 224 440 35 224 255  24 35  360 35 3 168 99 728 3 360  99 224 440 35 99 360 3 195 35 224 440 35  35  24 35  195 3 224 35 99 360 3  24 483 360 3 24 255 483 360 3  483 195 3  255 8 360 3 
63 360 3 224 24 35  35  99 195 288 255 360 440 3 224 440 35  24 35  3 15 255 360 24 255  15 255 195  255  288 168 3 224 255  323 483 35  168 80 35   288 360 255 288 255 399 440 255  99 
255 360 3  3  195 35 440 3 48 399 99 15 3  399 35 63 483 224 24 255  255 399  15 255 224 15 35 99 440 255 399  323 483 35  24 35 168 3  3 288 360 35 399 35 224 440 3 360 35 195 255 399 
3 323 483 99   3  224 99 15 3  24 35  440 255 24 3 399  3 399  15 99 224 15 99 3 399  323 483 35  288 255 24 35  3 399 288 99 360 3 360  3  483 195 3 
360 35 3 168 99 728 3 255  399 35 195 35 168 80 3 224 440 35  35  99 399 440 255  35 195  288 255 483 15 255  440 35 195 288 255  35  15 255 195  288 255 483 15 255 
440 360 3 8 3 168 80 255  24 35 399 24 35  323 483 35  399 35  15 255 224 63 360 35 63 483 35 195  255 399  35 399 48 255 360 255 399  24 35  440 3 168  195 255 24 255  323 483 35 
224 3 24 3  195 3 99 399  360 35 399 440 35   288 255 399 440 35 360 99 24 3 24 35  323 483 35  24 99 399 288 255 360  440 483 24 255  24 35  483 195 3  195 3 224 35 99 360 3 
24 99 24 440 99 15 3  24 35  3 15 255 360 24 255  15 255 195  399 35 483 399  288 360 255 288 399 99 440 255 399  399 35 195  288 255 360  99 399 399 255  288 255 24 35 360 
3 483 195 35 224 440 3 360  255  15 255 224 440 35 24 255  224 255  323 483 35  323 483 35 360  323 483 35  399 35 120 3  224 3  528 35 360 24 3 24 35  3 
195 35 440 3 48 399 99 15 3  255 483 440 360 3  15 255 99 399 3  224 255   399 35 224 255  255  99 224 528 35 224 440 360 99 255  399 99 399 440 35 195 3 440 99 15 3 195 35 224 440 35 
255 360 24 35 224 3 24 255  24 35  440 483 24 255  255  323 483 35  288 255 399 399 483 195 255 399  288 35 168 3  360 3 728 255  288 483 360 3  224 3 24 3  224 255 399  288 255 24 35 
3 323 483 99  35 399 15 3 288 3 360  288 255 99 399  255  323 483 35  3  360 3 728 255  35 624 440 360 3 99  99 224 440 35 99 360 3 195 35 224 440 35  24 35  399 99  195 35 399 195 3 
224 255  288 255 24 35  35 399 440 3 360 168 80 35  255 15 483 168 440 255  288 35 168 255  15 255 224 440 360 360 99 255   288 255 399 440 255   168 483 728  288 35 168 3  288 360 288 360 99 3 
360 3 728 255  195 3 168  399 35  440 35 224 80 3  24 35 399 15 255 8 35 360 440 255  255  288 360 99 224 15 288 99 255  15 255 195 483 195  24 35  440 483 24 255  99 399 399 255  3 
483 224 99 24 3 24 35  288 35 360 48 35 99 440 3  24 35 399 440 3  35 399 288 15 99 35  24 35  15 255 224 80 35 15 99 195 35 224 440 255 399  24 35 360 99 528 3 24 255 399  24 35 
399 99 195 288 168 35 399  15 255 224 15 35 99 440 255 399  288 483 360 255 399  399 35 195  323 483 35  224 3 24 3  24 3  35 624 288 35 360 99 224 15 99 3  224 35 195  399 35 323 483 35 360 
195 35 399 195 255  483 195 3  99 224 440 483 99 255  288 3 360 440 99 15 483 168 3 360  288 360 288 360 99 3  3  15 255 224 24 483 728 99 360  3  483 195 3 
35 624 288 35 360 99 224 15 99 3  24 35 440 35 360 195 99 224 3 24 3  288 255 399 399 3  35 624 35 360 15 35 360  399 255 8 360 35  35 168 3  323 483 3 168 323 483 35 360 
99 224 48 168 483 224 15 99 3  224 255  399 35 224 440 99 24 255  24 35  3  35 399 440 35 224 24 35 360  255 483  24 35  3  3 483 195 35 224 440 3 360  440 255 360 224 3  35 399 440 3 
99 224 440 35 63 360 99 24 3 24 35  99 224 15 255 224 24 99 15 99 255 224 3 24 3  224 255  399 255 195 35 224 440 35  288 255 399 399 528 35 168  15 255 195 255  3 99 224 24 3 
224 35 15 35 399 399 360 99 3 
35 483  288 360 288 360 99 255  35 399 288 35 360 255  288 483 8 168 99 15 3 360  15 255 195  255  440 440 483 168 255  24 35  195 35 440 3 48 399 99 15 3  24 3 
224 3 440 483 360 35 728 3  483 195  440 3 168  399 99 399 440 35 195 3  24 3  360 3 728 255  288 483 360 3  35 399 288 35 15 483 168 3 440 99 528 3  323 483 35  35 195 8 255 360 3 
224 255  440 35 224 80 3  195 35 440 3 24 35  24 3  35 624 440 35 224 399 255  24 3  15 360 440 99 15 3  24 35 528 35 360  224 255  35 224 440 3 224 440 255  15 255 224 440 35 360 
483 195 3  195 3 440 360 99 3  99 224 15 255 195 288 3 360 3 528 35 168 195 35 224 440 35  195 3 99 399  360 99 15 3  35 399 440 3  15 360 440 99 15 3  440 35 528 35 
288 360 99 195 35 99 360 255  323 483 35  35 624 288 255 360  3 399  48 255 224 440 35 399  35  3 399  15 255 224 24 99 35 399  24 35  288 255 399 399 99 8 99 168 99 24 3 24 35  24 35 399 440 3 
195 35 440 3 48 399 99 15 3  35  224 35 15 35 399 399 99 440 255 483  24 35  168 99 195 288 3 360  35  24 35  3 168 99 399 3 360  483 195  440 35 360 360 35 224 255  195 3 168 
288 360 35 288 3 360 3 24 255  35 399 288 35 360 255  3 323 483 99  24 255  195 35 483  168 35 99 440 255 360  3  288 3 15 99 224 15 99 3  35  3 
99 195 288 3 360 15 99 3 168 99 24 3 24 35  24 35  483 195  120 483 99 728  288 255 360 195  224 3  195 35 440 3 48 399 99 15 3  24 3  224 3 440 483 360 35 728 3  440 35 360 35 99 
224 35 15 35 399 399 99 24 3 24 35  24 3  8 255 3  528 255 224 440 3 24 35  35  24 255  15 255 224 15 483 360 399 255  24 35  
483 195  3 483 624 99 168 99 3 360  15 255 195  35 48 35 99 440 255  288 255 360  195 3 99 399  15 255 195 288 168 35 440 3  323 483 35  440 35 224 80 3  399 99 24 255  224 3 
15 360 440 99 15 3  3  35 624 288 255 399 99 255  24 35  440 255 24 255 399  255 399  288 360 99 224 15 288 99 255 399  323 483 35  399 35 360 528 35 195  24 35  8 3 399 35  3 255 
399 99 399 440 35 195 3 
 255  24 35 399 35 224 528 255 168 528 99 195 35 224 440 255  24 35 399 440 35  35 624 99 63 35  323 483 35  440 3 195 8 195  399 35  35 399 440 35 120 3  24 35 
288 255 399 399 35  24 35  440 255 24 255 399  255 399  15 255 224 15 35 99 440 255 399  24 35 360 99 528 3 24 255 399  99 195 288 255 399 399 528 35 99 399  24 35  35 224 483 195 35 360 3 360  3 
288 360 99 255 360 99  35  323 483 35   224 35 15 35 399 399 360 99 255  99 224 528 35 399 440 99 63 3 360  483 195  288 255 360  483 195  15 255 195 255  224 3  15 360 440 99 15 3 
48 255 99  35 399 63 255 440 3 24 3  440 255 24 3  3  399 224 440 35 399 35  24 255 399  15 255 224 15 35 99 440 255 399  255  195 35 399 195 255  399 35 360 
288 3 360 3 168 35 168 3 195 35 224 440 35  35 624 99 63 99 24 255  3 323 483 99  360 35 168 3 440 99 528 3 195 35 224 440 35   3 224 168 99 399 35  255  323 483 35  399 35 360 
48 15 99 168  24 35  15 255 224 399 35 63 483 99 360  35  195 3 99 399  483 195  35 224 440 360 35 440 35 224 99 195 35 224 440 255  323 483 35  483 195  440 360 3 8 3 168 80 255 
360 35 399 440 3 195 35  3 99 224 24 3  24 99 728 35 360  3 168 63 483 195 3  15 255 99 399 3  15 255 195  360 35 399 288 35 99 440 255   99 195 288 360 35 399 399 255 
15 255 195 255  255  15 255 195 35 255  24 35 399 440 3  48 255 99  483 195  440 3 224 440 255  3 440 360 3 399 3 24 255  288 483 24 35  399 255 195 35 224 440 35 
360 35 15 35 8 35 360  288 3 360 3  360 35 528 99 399 255  15 35 360 15 3  24 35  195 35 440 3 24 35  99  24 3 399  288 360 255 528 3 399  224 35 168 3 399  35 224 15 255 224 440 360 255 
3 168 63 483 195 3 399  63 360 3 168 80 3 399  323 483 35  224 255  3 168 440 35 360 3 195  255  399 35 224 440 99 24 255  35 624 15 35 288 440 483 3 24 255  255  24 3 
288 63 99 224 3   168 99 224 80 3   3  288 3 360 440 99 360  24 35  8 3 99 624 255   255 224 24 35  399 35  24 35 528 35  168 35 360  399 288 35 15 99 48 99 399 15 80 
35 195  528 35 728  24 35  399 143 35 288 440 99 399 15 80  3  3 224 440 99 224 255 195 99 3  24 3  360 3 728 255  288 483 360 3  24 35  288 63 99 224 3   
288 63 99 224 3   35 224 15 255 224 440 360 3 399 35  24 99 399 288 255 399 440 3  399 255 8  3  48 255 360 195 3  24 35  323 483 3 24 360 255  24 35 
195 3 224 35 99 360 3  3  440 483 24 255  255  323 483 35  288 35 360 440 35 224 15 35   440 35 399 35  35 399 440 3 360  399 35 195 288 360 35   35 399 323 483 35 360 24 3  35  255 
323 483 35  288 35 360 440 35 224 15 35   3 224 440 440 35 399 35  399 35 195 288 360 35   24 99 360 35 99 440 3  3 24 255 440 35 99  35 399 440 3  24 99 399 288 255 399 99 255 
288 3 360 3  195 3 99 399  48 3 15 99 168 195 35 224 440 35  399 35 360  288 255 399 399 528 35 168  35 399 440 3 8 35 168 35 15 35 360  15 255 195 288 3 360 3 255  35 224 440 360 35 
3 195 8 3 399 
